36

1.134783 1.069317 0.046803 347.735102
-0.447199 0.330630 1.035582 -3.804233
0.000382 -0.000339 0.000072 1.000000

1.303228 0.856019 0.046803 347.735102
-0.382992 0.403262 1.035582 -3.804233
0.000318 -0.000400 0.000072 1.000000

1.432075 0.616711 0.046803 347.735102
-0.307148 0.463642 1.035582 -3.804233
0.000243 -0.000449 0.000072 1.000000

1.517410 0.358664 0.046803 347.735102
-0.221971 0.509934 1.035582 -3.804233
0.000162 -0.000484 0.000072 1.000000

1.556638 0.089720 0.046803 347.735102
-0.130050 0.540731 1.035582 -3.804233
0.000075 -0.000505 0.000072 1.000000

1.548569 -0.181950 0.046803 347.735102
-0.034177 0.555099 1.035582 -3.804233
-0.000014 -0.000511 0.000072 1.000000

1.493447 -0.448092 0.046803 347.735102
0.062734 0.552601 1.035582 -3.804233
-0.000102 -0.000500 0.000072 1.000000

1.392948 -0.700619 0.046803 347.735102
0.157739 0.533312 1.035582 -3.804233
-0.000187 -0.000475 0.000072 1.000000

1.250125 -0.931858 0.046803 347.735102
0.247952 0.497819 1.035582 -3.804233
-0.000267 -0.000435 0.000072 1.000000

1.069317 -1.134783 0.046803 347.735102
0.330630 0.447199 1.035582 -3.804233
-0.000339 -0.000382 0.000072 1.000000

0.856019 -1.303228 0.046803 347.735102
0.403262 0.382992 1.035582 -3.804233
-0.000400 -0.000318 0.000072 1.000000

0.616711 -1.432075 0.046803 347.735102
0.463642 0.307148 1.035582 -3.804233
-0.000449 -0.000243 0.000072 1.000000

0.358664 -1.517410 0.046803 347.735102
0.509934 0.221971 1.035582 -3.804233
-0.000484 -0.000162 0.000072 1.000000

0.089720 -1.556638 0.046803 347.735102
0.540731 0.130050 1.035582 -3.804233
-0.000505 -0.000075 0.000072 1.000000

-0.181950 -1.548569 0.046803 347.735102
0.555099 0.034177 1.035582 -3.804233
-0.000511 0.000014 0.000072 1.000000

-0.448092 -1.493447 0.046803 347.735102
0.552601 -0.062734 1.035582 -3.804233
-0.000500 0.000102 0.000072 1.000000

-0.700619 -1.392948 0.046803 347.735102
0.533312 -0.157739 1.035582 -3.804233
-0.000475 0.000187 0.000072 1.000000

-0.931858 -1.250125 0.046803 347.735102
0.497819 -0.247952 1.035582 -3.804233
-0.000435 0.000267 0.000072 1.000000

-1.134783 -1.069317 0.046803 347.735102
0.447199 -0.330630 1.035582 -3.804233
-0.000382 0.000339 0.000072 1.000000

-1.303228 -0.856019 0.046803 347.735102
0.382992 -0.403262 1.035582 -3.804233
-0.000318 0.000400 0.000072 1.000000

-1.432075 -0.616711 0.046803 347.735102
0.307148 -0.463642 1.035582 -3.804233
-0.000243 0.000449 0.000072 1.000000

-1.517410 -0.358664 0.046803 347.735102
0.221971 -0.509934 1.035582 -3.804233
-0.000162 0.000484 0.000072 1.000000

-1.556638 -0.089720 0.046803 347.735102
0.130050 -0.540731 1.035582 -3.804233
-0.000075 0.000505 0.000072 1.000000

-1.548569 0.181950 0.046803 347.735102
0.034177 -0.555099 1.035582 -3.804233
0.000014 0.000511 0.000072 1.000000

-1.493447 0.448092 0.046803 347.735102
-0.062734 -0.552601 1.035582 -3.804233
0.000102 0.000500 0.000072 1.000000

-1.392948 0.700619 0.046803 347.735102
-0.157739 -0.533312 1.035582 -3.804233
0.000187 0.000475 0.000072 1.000000

-1.250125 0.931858 0.046803 347.735102
-0.247952 -0.497819 1.035582 -3.804233
0.000267 0.000435 0.000072 1.000000

-1.069317 1.134783 0.046803 347.735102
-0.330630 -0.447199 1.035582 -3.804233
0.000339 0.000382 0.000072 1.000000

-0.856019 1.303228 0.046803 347.735102
-0.403262 -0.382992 1.035582 -3.804233
0.000400 0.000318 0.000072 1.000000

-0.616711 1.432075 0.046803 347.735102
-0.463642 -0.307148 1.035582 -3.804233
0.000449 0.000243 0.000072 1.000000

-0.358664 1.517410 0.046803 347.735102
-0.509934 -0.221971 1.035582 -3.804233
0.000484 0.000162 0.000072 1.000000

-0.089720 1.556638 0.046803 347.735102
-0.540731 -0.130050 1.035582 -3.804233
0.000505 0.000075 0.000072 1.000000

0.181950 1.548569 0.046803 347.735102
-0.555099 -0.034177 1.035582 -3.804233
0.000511 -0.000014 0.000072 1.000000

0.448092 1.493447 0.046803 347.735102
-0.552601 0.062734 1.035582 -3.804233
0.000500 -0.000102 0.000072 1.000000

0.700619 1.392948 0.046803 347.735102
-0.533312 0.157739 1.035582 -3.804233
0.000475 -0.000187 0.000072 1.000000

0.931858 1.250125 0.046803 347.735102
-0.497819 0.247952 1.035582 -3.804233
0.000435 -0.000267 0.000072 1.000000